8.03715e-01 3.03549e-01 2.47519e-01 8.17817e-01 9.97825e-01
9.23437e-02 8.40657e-01 6.06649e-01 6.74106e-01 9.12638e-01
6.90518e-01 9.56717e-01 3.94150e-01 4.63796e-01 2.74615e-01
9.94361e-01 2.51198e-01 1.60535e-01 8.99363e-01 2.92107e-01
2.33488e-01 8.63164e-01 3.02890e-01 9.19170e-01 6.40298e-01
9.63409e-01 7.04637e-01 5.82007e-01 3.53128e-01 5.74875e-01
3.81027e-01 4.11548e-02 8.36451e-01 7.55631e-01 1.95031e-01
8.22863e-01 5.41771e-01 7.67224e-01 9.30259e-01 9.26950e-01
5.96447e-01 9.91906e-01 2.49985e-01 2.99232e-01 7.88849e-02
3.03798e-01 3.40899e-01 2.64999e-01 1.67989e-02 6.54629e-02
