676.352	3649.13
676.478	3560.68
676.603	3556.17
676.728	3552.41
676.854	3543.71
676.979	3537.27
677.104	3530.36
677.23	3525.08
677.355	3518.42
677.48	3515.37
677.606	3508.24
677.731	3505.32
677.856	3500.54
677.982	3497.69
678.107	3495.68
678.232	3494.06
678.358	3486.99
678.483	3486.24
678.608	3481
678.734	3482.87
678.859	3480.22
678.984	3479.9
679.109	3472.6
679.235	3480.2
679.36	3474.33
679.485	3479.96
679.611	3478.59
679.736	3480.71
679.861	3482.15
679.987	3485.22
680.112	3482.2
680.237	3489.75
680.362	3492.32
680.488	3502.87
680.613	3506.45
680.738	3513.11
680.864	3520.92
680.989	3528.5
681.114	3533.82
681.239	3543.67
681.365	3550.54
681.49	3558.89
681.615	3571.18
681.741	3582.22
681.866	3594.97
681.991	3602.21
682.116	3617.48
682.242	3631.25
682.367	3647.18
682.492	3658.17
682.617	3673.53
682.743	3683.19
682.868	3704.85
682.993	3719.55
683.118	3735.06
683.244	3752.06
683.369	3773.29
683.494	3789.99
683.619	3808.24
683.745	3827.9
683.87	3850.52
683.995	3871.19
684.12	3894.74
684.246	3917.87
684.371	3940.26
684.496	3966.27
684.621	3989.17
684.747	4022.68
684.872	4047.96
684.997	4076.59
685.122	4107.63
685.248	4139.3
685.373	4176.83
685.498	4210.91
685.623	4242.92
685.748	4277.67
685.874	4320.34
685.999	4354.68
686.124	4395.46
686.249	4431.77
686.375	4472.24
686.5	4518.56
686.625	4561.18
686.75	4604.28
686.875	4641.77
687	4691.32
687.126	4730.26
687.251	4781.99
687.376	4823.63
687.501	4873.02
687.626	4914
687.752	4960
687.877	5006.91
688.002	5049.79
688.127	5098.28
688.252	5148.54
688.378	5191.14
688.503	5239.28
688.628	5286.35
688.753	5335.47
688.878	5382.46
689.003	5426.7
689.129	5480.71
689.254	5529.93
689.379	5573.88
689.504	5628.46
689.629	5677.75
689.754	5720.64
689.88	5769.3
690.005	5822.27
690.13	5872.28
690.255	5925.3
690.38	5974.41
690.505	6026.3
690.63	6083.38
690.756	6131.33
690.881	6179.14
691.006	6229.27
691.131	6282.7
691.256	6335.74
691.381	6390.9
691.506	6435.26
691.632	6485.33
691.757	6534.76
691.882	6585.56
692.007	6638.73
692.132	6686.88
692.257	6735.5
692.382	6786.53
692.508	6831.57
692.633	6883.1
692.758	6927.92
692.883	6976.25
693.008	7025.32
693.133	7077.79
693.258	7124.58
693.383	7173.72
693.508	7231.03
693.633	7279.93
693.759	7327.53
693.884	7373.36
694.009	7427.06
694.134	7476.4
694.259	7533.97
694.384	7590.23
694.509	7646.24
694.634	7701.95
694.759	7757.2
694.884	7811.58
695.009	7867.5
695.135	7928.35
695.26	7983.1
695.385	8032.95
695.51	8096.14
695.635	8143.95
695.76	8202.54
695.885	8252.58
696.01	8304.37
696.135	8353.03
696.26	8396.92
696.385	8451.01
696.51	8499.19
696.635	8547.22
696.76	8587.4
696.885	8632.95
697.01	8682.52
697.135	8723.55
697.261	8765.01
697.386	8799.68
697.511	8849.14
697.636	8884.88
697.761	8931.32
697.886	8966.42
698.011	9001.42
698.136	9044.17
698.261	9084.35
698.386	9121.66
698.511	9161.71
698.636	9192.62
698.761	9226.22
698.886	9266.67
699.011	9296.67
699.136	9330.22
699.261	9368.54
699.386	9394.84
699.511	9438.38
699.636	9463.47
699.761	9501.61
699.886	9521.66
700.011	9559.74
700.136	9575.69
700.261	9618.07
700.386	9640.18
700.511	9667.54
700.636	9696.35
700.761	9721.88
700.886	9750.21
701.011	9776.4
701.136	9802.49
701.261	9828.05
701.386	9845.09
701.511	9875.76
701.636	9902.8
701.761	9925.35
701.886	9947.96
702.011	9968.66
702.136	9996.04
702.261	10016.5
702.386	10045
702.511	10062.2
702.635	10080.3
702.76	10102.6
702.885	10126.5
703.01	10142
703.135	10171.5
703.26	10188.5
703.385	10212.5
703.51	10231.8
703.635	10250.9
703.76	10267.7
703.885	10287.4
704.01	10305
704.135	10328.9
704.26	10351
704.385	10371.8
704.51	10394.8
704.635	10423.2
704.759	10429.8
704.884	10448.7
705.009	10471.6
705.134	10494.4
705.259	10505
705.384	10530.2
705.509	10545.9
705.634	10577
705.759	10580
705.884	10614.7
706.008	10625.7
706.133	10635.3
706.258	10657.8
706.383	10681.2
706.508	10696.7
706.633	10717.4
706.758	10731.8
706.883	10755.1
707.008	10773.1
707.132	10786.1
707.257	10806.5
707.382	10824.7
707.507	10844
707.632	10862.5
707.757	10879.5
707.882	10893.7
708.007	10918.7
708.131	10935.4
708.256	10955.1
708.381	10974.2
708.506	10984.3
708.631	11012.2
708.756	11021.2
708.88	11050.8
709.005	11061.4
709.13	11080.3
709.255	11097.9
709.38	11119.8
709.505	11138.6
709.63	11159.9
709.754	11180.1
709.879	11195.8
710.004	11208.9
710.129	11229.2
710.254	11247.2
710.378	11267
710.503	11280.5
710.628	11305.7
710.753	11322.3
710.878	11340.3
711.003	11363.9
711.127	11373.8
711.252	11389
711.377	11408
711.502	11428.8
711.626	11444.5
711.751	11461.4
711.876	11482.3
712.001	11501.4
712.126	11511.1
712.25	11537.6
712.375	11551.2
712.5	11574
712.625	11596.5
712.75	11614
712.874	11630.3
712.999	11651
713.124	11660.8
713.249	11674.9
713.373	11686.5
713.498	11707.4
713.623	11730.7
713.748	11748.4
713.872	11754.6
713.997	11780.7
714.122	11795.4
714.247	11815.8
714.371	11828.4
714.496	11846.7
714.621	11859.2
714.746	11886.7
714.87	11904
714.995	11920.7
715.12	11927.7
715.245	11945
715.369	11955.5
715.494	11971.9
715.619	11997.9
715.743	12009.6
715.868	12020.9
715.993	12038.5
716.118	12052.5
716.242	12066.6
716.367	12083.5
716.492	12094.2
716.616	12111.4
716.741	12129.5
716.866	12145.8
716.99	12155.9
717.115	12180.4
717.24	12184.5
717.365	12197.1
717.489	12212.9
717.614	12233.7
717.739	12250.2
717.863	12262.5
717.988	12278.5
718.113	12290.9
718.237	12304.2
718.362	12321.5
718.487	12328.6
718.611	12346.5
718.736	12371.2
718.861	12385
718.985	12399
719.11	12409.4
719.234	12420.4
719.359	12441.9
719.484	12454.6
719.608	12462
719.733	12478.4
719.858	12484.4
719.982	12500.8
720.107	12516.3
720.232	12530.4
720.356	12543.5
720.481	12564.6
720.605	12569.3
720.73	12579.2
720.855	12595.7
720.979	12611.4
721.104	12618
721.229	12631.4
721.353	12651.1
721.478	12661.5
721.602	12668.7
721.727	12682.9
721.852	12704.8
721.976	12706
722.101	12718
722.225	12718.3
722.35	12725.7
722.474	12752.9
722.599	12768.2
722.724	12784.9
722.848	12782.1
722.973	12804.8
723.097	12810.5
723.222	12807.2
723.346	12827.1
723.471	12841.1
723.596	12848.9
723.72	12858.1
723.845	12874.9
723.969	12878.4
724.094	12898.8
724.218	12899.9
724.343	12911.6
724.467	12922.2
724.592	12937.5
724.717	12956.1
724.841	12956.2
724.966	12976.5
725.09	12972.2
725.215	12990.9
725.339	12997.5
725.464	13011.1
725.588	13020.7
725.713	13023.5
725.837	13033.9
725.962	13038.8
726.086	13059
726.211	13060.5
726.335	13074
726.46	13078.3
726.584	13091.2
726.709	13113.9
726.833	13103.7
726.958	13111.8
727.082	13120
727.207	13129.5
727.331	13126.7
727.456	13147.5
727.58	13163.3
727.705	13167.9
727.829	13174.8
727.954	13187.6
728.078	13191.9
728.203	13194
728.327	13208.3
728.451	13204.1
728.576	13224.9
728.7	13233.1
728.825	13237.8
728.949	13250.4
729.074	13257.2
729.198	13260.9
729.323	13262.8
729.447	13280.8
729.571	13291.7
729.696	13292.9
729.82	13304.9
729.945	13310.1
730.069	13321.2
730.194	13327.6
730.318	13331.7
730.442	13341.4
730.567	13339.3
730.691	13346.8
730.816	13352.6
730.94	13364.5
731.064	13374.3
731.189	13376
731.313	13387.2
731.438	13406.3
731.562	13406.5
731.686	13412.9
731.811	13417.9
731.935	13430.1
732.06	13435.5
732.184	13445
732.308	13447.6
732.433	13451.7
732.557	13456.6
732.681	13463.8
732.806	13466.4
732.93	13466.8
733.054	13475.3
733.179	13476.5
733.303	13480.5
733.428	13496.3
733.552	13499.7
733.676	13503.8
733.801	13516
733.925	13522.7
734.049	13531.7
734.174	13539
734.298	13538.3
734.422	13558.2
734.547	13561.3
734.671	13564.4
734.795	13566.3
734.919	13580.7
735.044	13585.2
735.168	13593.9
735.292	13603.7
735.417	13590.2
735.541	13605.8
735.665	13610.2
735.79	13615.5
735.914	13618.5
736.038	13626.4
736.162	13637.8
736.287	13642.5
736.411	13645.5
736.535	13644.3
736.66	13653.1
736.784	13659.1
736.908	13667.8
737.032	13669.2
737.157	13670.9
737.281	13682.1
737.405	13696.5
737.529	13694
737.654	13692.5
737.778	13699.3
737.902	13702.3
738.026	13711.6
738.151	13722
738.275	13723.4
738.399	13725.7
738.523	13727.8
738.648	13726.3
738.772	13736.1
738.896	13740.3
739.02	13751.7
739.145	13750
739.269	13759.7
739.393	13759.8
739.517	13761.4
739.641	13769.3
739.766	13769.9
739.89	13787.1
740.014	13787.5
740.138	13791.8
740.262	13795.2
740.387	13801.5
740.511	13788.8
740.635	13797.8
740.759	13803.3
740.883	13810.7
741.008	13817.7
741.132	13819.9
741.256	13833.8
741.38	13832.3
741.504	13825.8
741.628	13839.4
741.753	13838.3
741.877	13845.9
742.001	13839.8
742.125	13841.7
742.249	13849.9
742.373	13855.1
742.497	13860.5
742.622	13870.8
742.746	13870.6
742.87	13864.4
742.994	13871.6
743.118	13874.8
743.242	13881.9
743.366	13882
743.49	13890.1
743.615	13883.1
743.739	13891.9
743.863	13890
743.987	13898.1
744.111	13905.8
744.235	13906.3
744.359	13906.1
744.483	13907.7
744.607	13908.8
744.731	13912.5
744.855	13915.8
744.98	13917.4
745.104	13931.9
745.228	13922
745.352	13927.8
745.476	13929.5
745.6	13938.9
745.724	13935.1
745.848	13947.6
745.972	13935.2
746.096	13949.7
746.22	13962
746.344	13954
746.468	13952.9
746.592	13952.7
746.716	13949.8
746.84	13965.1
746.964	13968.4
747.088	13970.8
747.212	13970.6
747.336	13979
747.461	13969.5
747.584	13983.9
747.708	13980.9
747.833	13985.3
747.957	13984.1
748.081	13992.5
748.205	13986.6
748.329	13999.4
748.453	13998.2
748.577	13986.3
748.701	13997.7
748.825	13995.6
748.948	14013
749.072	14012
749.196	14020.5
749.32	14013.4
749.444	14013.7
749.568	14023.8
749.692	14023.1
749.816	14027.3
749.94	14030.6
750.064	14030.7
750.188	14035.1
750.312	14025.6
750.436	14027.3
750.56	14028.6
750.684	14030.4
750.808	14035.4
750.932	14032.4
751.056	14046.8
751.18	14044.9
751.304	14035.5
751.427	14039.7
751.551	14047.7
751.675	14049.1
751.799	14041.1
751.923	14036.3
752.047	14041.9
752.171	14048
752.295	14043.5
752.419	14043.6
752.543	14047.6
752.667	14045.9
752.79	14050.4
752.914	14051.3
753.038	14048.2
753.162	14052.8
753.286	14051.4
753.41	14068
753.534	14060.8
753.657	14059.6
753.781	14048.8
753.905	14064.5
754.029	14056.4
754.153	14060.3
754.277	14062.7
754.401	14067.7
754.524	14066.7
754.648	14062.4
754.772	14061.8
754.896	14062.9
755.02	14060.3
755.144	14067.2
755.267	14059.3
755.391	14067.2
755.515	14061.9
755.639	14072.6
755.763	14064.4
755.886	14072.7
756.01	14064.7
756.134	14073.5
756.258	14073
756.382	14074.7
756.505	14074.4
756.629	14065.4
756.753	14067.4
756.877	14070.8
757.001	14067.3
757.124	14066.6
757.248	14069.6
757.372	14067.4
757.496	14082.5
757.619	14074
757.743	14075.4
757.867	14066.7
757.991	14066.9
758.114	14061.2
758.238	14064.8
758.362	14068.5
758.486	14062.1
758.609	14059.7
758.733	14056.1
758.857	14043.2
758.981	14041.9
759.104	14034.4
759.228	14036.1
759.352	14026.8
759.475	14026.2
759.599	14020.4
759.723	14018.4
759.846	14013.1
759.97	14019.8
760.094	14017.7
760.218	14036.5
760.341	14029.2
760.465	14027.4
760.589	14031.3
760.712	14038.9
760.836	14034.9
760.96	14040.7
761.083	14025.7
761.207	14032.7
761.331	14037.8
761.454	14040.4
761.578	14034.9
761.702	14021.9
761.825	14011
761.949	14012.9
762.073	14008.9
762.196	14005.1
762.32	14005.1
762.443	14012.3
762.567	14005.4
762.691	13998.2
762.814	13991.9
762.938	13998.8
763.061	14002.6
763.185	13999.2
763.309	14004.6
763.432	14005.4
763.556	14006
763.68	14013.4
763.803	14013.7
763.927	14022.9
764.05	14018.6
764.174	14017
764.297	14029.9
764.421	14029.2
764.545	14037.8
764.668	14035.2
764.792	14036
764.915	14025.7
765.039	14037.5
765.162	14039.6
765.286	14038.6
765.409	14042.3
765.533	14037.6
765.657	14039.4
765.78	14035.8
765.904	14052.9
766.027	14045.6
766.151	14040.1
766.274	14040.7
766.398	14033.3
766.521	14042.7
766.645	14037.7
766.768	14032.5
766.892	14038.6
767.015	14039.5
767.139	14037.7
767.262	14035.3
767.386	14033.4
767.509	14028.4
767.633	14018
767.756	14028.2
767.88	14019
768.003	14015.1
768.127	14018.4
768.25	14012.5
768.374	14021
768.497	14026.2
768.62	14024.1
768.744	14022.9
768.867	14011.8
768.991	14019.6
769.114	14015.6
769.238	14008.1
769.361	14011.9
769.485	14010.4
769.608	14012.1
769.731	14004.1
769.855	14018
769.978	14011.3
770.102	14006.4
770.225	14009.2
770.349	14004.7
770.472	14010.4
770.595	13997.4
770.719	14000.8
770.842	13999.3
770.965	13992.5
771.089	13995.7
771.212	13993.5
771.336	13994.3
771.459	13990.3
771.582	13991.1
771.706	13975.7
771.829	13983.8
771.952	13981
772.076	13981.2
772.199	13981.8
772.323	13981.3
772.446	13977.6
772.569	13979.3
772.693	13972.8
772.816	13974.6
772.939	13969
773.063	13965.3
773.186	13980.6
773.309	13969.3
773.432	13967
773.556	13958.4
773.679	13958.5
773.802	13954
773.926	13952.1
774.049	13956.4
774.172	13951.5
774.296	13949.7
774.419	13968.9
774.542	13948.7
774.665	13948.6
774.789	13933.6
774.912	13935.6
775.035	13937.1
775.159	13935.7
775.282	13930.7
775.405	13938.1
775.528	13930.3
775.652	13920.4
775.775	13927.6
775.898	13918.4
776.021	13929.1
776.145	13915.8
776.268	13918
776.391	13915.3
776.514	13911.2
776.638	13911
776.761	13913.7
776.884	13905.6
777.007	13903.2
777.13	13901.9
777.254	13896.6
777.377	13895.9
777.5	13895.4
777.623	13899.3
777.746	13891.8
777.87	13887.4
777.993	13870.9
778.116	13870.9
778.239	13888.5
778.362	13871.6
778.485	13874.5
778.609	13874.3
778.732	13873.2
778.855	13870.5
778.978	13869.7
779.101	13864.3
779.224	13854.4
779.347	13862
779.471	13850.6
779.594	13849.8
779.717	13848.2
779.84	13839.4
779.963	13843
780.086	13838
780.209	13835
780.332	13838.9
780.456	13836.8
780.579	13837
780.702	13824.1
780.825	13824.8
780.948	13813.2
781.071	13816.6
781.194	13817.5
781.317	13817.4
781.44	13807.2
781.563	13804
781.686	13816.8
781.81	13798.4
781.933	13794.7
782.056	13783.1
782.179	13781.6
782.302	13773.5
782.425	13778.6
782.548	13777.3
782.671	13773
782.794	13771.8
782.917	13766.7
783.04	13757.4
783.163	13749.6
783.286	13757.1
783.409	13750.4
783.532	13742
783.655	13745.6
783.778	13739.9
783.901	13727
784.024	13724.1
784.147	13721.3
784.27	13720.3
784.393	13717.8
784.516	13713.7
784.639	13705.6
784.762	13708.2
784.885	13697.9
785.008	13694.9
785.131	13689.2
785.254	13687.1
785.377	13673.8
785.5	13683.7
785.623	13668.4
785.746	13671.1
785.869	13656.4
785.992	13659.5
786.114	13652.9
786.237	13659.7
786.36	13651
786.483	13644.4
786.606	13639.5
786.729	13636.4
786.852	13627.4
786.975	13622.9
787.098	13623.7
787.221	13625.8
787.344	13616.3
787.466	13610
787.589	13607.1
787.712	13596.7
787.835	13587.4
787.958	13586.4
788.081	13586.7
788.204	13580.3
788.327	13573.4
788.449	13575.8
788.572	13571.6
788.695	13558.8
788.818	13550.1
788.941	13565.7
789.064	13535.3
789.186	13532.7
789.309	13532
789.432	13539
789.555	13522.5
789.678	13514.4
789.801	13503.1
789.923	13502.6
790.046	13498.1
790.169	13510.6
790.292	13495.3
790.415	13487.1
790.537	13474.2
790.66	13467.7
790.783	13462.1
790.906	13466.7
791.029	13448.4
791.151	13451.8
791.274	13442.6
791.397	13436.5
791.52	13432.2
791.642	13414.7
791.765	13408.9
791.888	13407.7
792.011	13398.1
792.133	13400.5
792.256	13392.4
792.379	13380.9
792.501	13373.5
792.624	13354.5
792.747	13357.9
792.87	13340.7
792.992	13329.4
793.115	13318.9
793.238	13310.2
793.36	13304
793.483	13288.7
793.606	13271.8
793.729	13268.1
793.851	13245.3
793.974	13234.4
794.097	13222
794.219	13215.6
794.342	13204.9
794.465	13192.8
794.587	13186.8
794.71	13169.1
794.833	13161.6
794.955	13157.5
795.078	13145.4
795.201	13148.1
795.323	13148.6
795.446	13139.6
795.568	13142.2
795.691	13142.1
795.814	13140.2
795.936	13145.5
796.059	13151.5
796.181	13159.2
796.304	13163.4
796.427	13165
796.549	13168.5
796.672	13177.8
796.794	13187.9
796.917	13191.5
797.04	13199.2
797.162	13204.2
797.285	13218.9
797.407	13241.8
797.53	13226.6
797.652	13235.6
797.775	13243.1
797.897	13252.2
798.02	13257.4
798.143	13265.4
798.265	13279.5
798.388	13284
798.51	13299.3
798.633	13328.9
798.755	13312.8
798.878	13320.2
799	13328.3
799.123	13345.9
799.245	13353.9
799.368	13367.9
799.49	13374.3
799.613	13383.2
799.735	13395.4
799.858	13392.8
799.98	13408
800.103	13427.5
800.225	13439
800.348	13451.4
800.47	13457.5
800.593	13466.7
800.715	13485.6
800.837	13494.7
800.96	13504.8
801.082	13509.2
801.205	13525.7
801.327	13539.2
801.45	13551.1
801.572	13566
801.694	13575
801.817	13590.6
801.939	13593.4
802.062	13609.7
802.184	13622.3
802.306	13628.4
802.429	13649.8
802.551	13665.8
802.674	13670.2
802.796	13686.5
802.918	13692.3
803.041	13711.5
803.163	13721.8
803.286	13747
