676.352	192.434
676.478	186.273
676.603	183.253
676.728	182.667
676.854	182.111
676.979	179.929
677.104	179.303
677.23	177.525
677.355	176.939
677.48	176.273
677.606	176.717
677.731	174.737
677.856	174.758
677.982	173.141
678.107	171.434
678.232	171.929
678.358	170.232
678.483	170.788
678.608	171.293
678.734	168.485
678.859	169.162
678.984	168.172
679.109	167.495
679.235	166.465
679.36	167.646
679.485	167.131
679.611	166.707
679.736	165.838
679.861	166.495
679.987	168.04
680.112	166.707
680.237	167.03
680.362	168.02
680.488	169.394
680.613	167.889
680.738	170.131
680.864	171.101
680.989	170.535
681.114	171.172
681.239	174.242
681.365	173.051
681.49	176.303
681.615	175.909
681.741	178.576
681.866	178.101
681.991	180.909
682.116	181.727
682.242	183.758
682.367	185.424
682.492	187.04
682.617	188.848
682.743	191.939
682.868	193.879
682.993	195.131
683.118	199.586
683.244	200.323
683.369	204.838
683.494	205.636
683.619	210.495
683.745	214.95
683.87	215.929
683.995	221.202
684.12	224.899
684.246	228.859
684.371	234.737
684.496	238.717
684.621	243.949
684.747	248
684.872	256.384
684.997	260.424
685.122	267.707
685.248	275.475
685.373	284.313
685.498	290.656
685.623	300.454
685.748	308.505
685.874	318.848
685.999	329.313
686.124	339.596
686.249	349.758
686.375	362.121
686.5	375.101
686.625	387.707
686.75	399.252
686.875	413.96
687	430.202
687.126	443.758
687.251	459.909
687.376	475.717
687.501	490.485
687.626	507.162
687.752	524.485
687.877	542.596
688.002	560.818
688.127	578.101
688.252	598.758
688.378	617.434
688.503	635.818
688.628	658.131
688.753	677.444
688.878	699.424
689.003	716.162
689.129	740.525
689.254	759.455
689.379	783.01
689.504	804.636
689.629	826.727
689.754	849.757
689.88	868.626
690.005	895.364
690.13	916.384
690.255	943.05
690.38	962.98
690.505	991.445
690.63	1015.2
690.756	1040.53
690.881	1067.14
691.006	1090.53
691.131	1120.46
691.256	1141.65
691.381	1168.02
691.506	1193.84
691.632	1222.16
691.757	1251.13
691.882	1276.99
692.007	1305.85
692.132	1332.82
692.257	1362.26
692.382	1389.89
692.508	1416.21
692.633	1447.42
692.758	1477.03
692.883	1506.67
693.008	1536.31
693.133	1569.69
693.258	1598.68
693.383	1634.24
693.508	1669.27
693.633	1706.24
693.759	1741.01
693.884	1779.35
694.009	1818.02
694.134	1859.31
694.259	1905.18
694.384	1948.68
694.509	1995.16
694.634	2037.39
694.759	2085.65
694.884	2139.46
695.009	2183.88
695.135	2237.46
695.26	2288.98
695.385	2340.78
695.51	2393.55
695.635	2445.82
695.76	2493.32
695.885	2546.15
696.01	2598.44
696.135	2648.81
696.26	2698.35
696.385	2752.67
696.51	2797.3
696.635	2844.8
696.76	2893.07
696.885	2942.11
697.01	2983.88
697.135	3031.91
697.261	3076.52
697.386	3125.22
697.511	3165.9
697.636	3210.41
697.761	3252.48
697.886	3296.54
698.011	3343.03
698.136	3382.64
698.261	3429.93
698.386	3470.94
698.511	3512.89
698.636	3552.3
698.761	3591.85
698.886	3631.94
699.011	3677.35
699.136	3717.43
699.261	3753.43
699.386	3798.91
699.511	3834.98
699.636	3878.28
699.761	3912.55
699.886	3942.71
700.011	3981.11
700.136	4011.52
700.261	4046
700.386	4083.82
700.511	4112.69
700.636	4145.49
700.761	4177.5
700.886	4212.32
701.011	4239.92
701.136	4266.97
701.261	4298.37
701.386	4327.3
701.511	4352.14
701.636	4384.31
701.761	4405.79
701.886	4435.84
702.011	4460.11
702.136	4485.78
702.261	4512.75
702.386	4540.26
702.511	4564.46
702.635	4589.72
702.76	4615.07
702.885	4638.18
703.01	4663.42
703.135	4690.68
703.26	4713.23
703.385	4736.3
703.51	4763.71
703.635	4786.72
703.76	4814.42
703.885	4832.98
704.01	4858.98
704.135	4888.7
704.26	4906.56
704.385	4931.99
704.51	4959.09
704.635	4985.68
704.759	5004.8
704.884	5031.19
705.009	5055.73
705.134	5076.01
705.259	5100.54
705.384	5124.95
705.509	5149.63
705.634	5173.5
705.759	5196
705.884	5221.19
706.008	5248.38
706.133	5268.05
706.258	5293.17
706.383	5322.25
706.508	5341.35
706.633	5368.64
706.758	5398.14
706.883	5421.75
707.008	5443.13
707.132	5474.31
707.257	5490.5
707.382	5521.04
707.507	5546.84
707.632	5575.06
707.757	5598.19
707.882	5626.12
708.007	5652.2
708.131	5679.67
708.256	5702.23
708.381	5731.98
708.506	5757.1
708.631	5787.31
708.756	5815.28
708.88	5842.94
709.005	5862.74
709.13	5892.72
709.255	5920.17
709.38	5952.38
709.505	5981.66
709.63	6008.26
709.754	6033.83
709.879	6068.99
710.004	6091.43
710.129	6117.75
710.254	6145.67
710.378	6170.68
710.503	6197.78
710.628	6235.95
710.753	6267.03
710.878	6294.11
711.003	6320.31
711.127	6348.65
711.252	6378.28
711.377	6410.1
711.502	6434.9
711.626	6470.23
711.751	6500.75
711.876	6527.69
712.001	6551.57
712.126	6585.92
712.25	6614.36
712.375	6639.14
712.5	6671.28
712.625	6706.09
712.75	6738.25
712.874	6764.28
712.999	6790.41
713.124	6823.01
713.249	6853.89
713.373	6875.37
713.498	6910.26
713.623	6944.03
713.748	6965.73
713.872	6992.02
713.997	7030.56
714.122	7055.28
714.247	7083.66
714.371	7109.38
714.496	7149.27
714.621	7173.55
714.746	7205.15
714.87	7234.34
714.995	7262.02
715.12	7285.42
715.245	7312.62
715.369	7342.06
715.494	7374.6
715.619	7404.39
715.743	7425.14
715.868	7461.44
715.993	7483.44
716.118	7504.97
716.242	7538.83
716.367	7571.27
716.492	7596.23
716.616	7622.82
716.741	7652.74
716.866	7677.61
716.99	7702.3
717.115	7726.77
717.24	7758.12
717.365	7776.24
717.489	7814.17
717.614	7836.78
717.739	7865.46
717.863	7892.11
717.988	7919.48
718.113	7939.44
718.237	7965.53
718.362	7992.29
718.487	8013.67
718.611	8039.08
718.736	8076.12
718.861	8093.32
718.985	8117.77
719.11	8142.23
719.234	8167.55
719.359	8191.84
719.484	8214.77
719.608	8231.05
719.733	8262.48
719.858	8285.63
719.982	8306.08
720.107	8328.88
720.232	8352.03
720.356	8374.19
720.481	8394.36
720.605	8422.06
720.73	8444.81
720.855	8460.88
720.979	8480.44
721.104	8511.52
721.229	8529.02
721.353	8548.52
721.478	8576.19
721.602	8592.88
721.727	8607.01
721.852	8632.81
721.976	8653.88
722.101	8671.49
722.225	8683.54
722.35	8709.32
722.474	8729.64
722.599	8753.42
722.724	8765.34
722.848	8780.94
722.973	8810.05
723.097	8816.8
723.222	8836.22
723.346	8856.25
723.471	8874.66
723.596	8895.35
723.72	8911.51
723.845	8923.28
723.969	8955.93
724.094	8967.61
724.218	8982.7
724.343	9004.72
724.467	9019.75
724.592	9035.15
724.717	9050.8
724.841	9070.79
724.966	9090.73
725.09	9102.14
725.215	9110.16
725.339	9133.22
725.464	9144.9
725.588	9157.7
725.713	9174.25
725.837	9192.46
725.962	9198.51
726.086	9223.64
726.211	9231.79
726.335	9253.64
726.46	9262.11
726.584	9285.9
726.709	9291.65
726.833	9300.8
726.958	9312.85
727.082	9330.91
727.207	9340.04
727.331	9350.93
727.456	9365.67
727.58	9374.96
727.705	9394.17
727.829	9402.29
727.954	9421.49
728.078	9429.39
728.203	9444.11
728.327	9458.83
728.451	9469.93
728.576	9485.37
728.7	9494.13
728.825	9505.82
728.949	9519.32
729.074	9532.22
729.198	9546.79
729.323	9553.13
729.447	9572.16
729.571	9576.72
729.696	9594.63
729.82	9596.91
729.945	9613.05
730.069	9626.25
730.194	9636.25
730.318	9650.32
730.442	9652.01
730.567	9659.59
730.691	9672.36
730.816	9684.67
730.94	9695.17
731.064	9714.32
731.189	9721.2
731.313	9732.19
731.438	9741.42
731.562	9750.67
731.686	9766.22
731.811	9770.53
731.935	9788.26
732.06	9796.29
732.184	9803.28
732.308	9812.14
732.433	9826.05
732.557	9833.49
732.681	9847.32
732.806	9845.03
732.93	9860.64
733.054	9869.89
733.179	9879.42
733.303	9883.91
733.428	9900.46
733.552	9905.19
733.676	9912.28
733.801	9927.3
733.925	9935.35
734.049	9954.9
734.174	9953.76
734.298	9965.14
734.422	9975.29
734.547	9982.45
734.671	9988.29
734.795	9994.08
734.919	10009.5
735.044	10027.7
735.168	10028.5
735.292	10038.3
735.417	10039.4
735.541	10046.7
735.665	10063.2
735.79	10069.6
735.914	10070.5
736.038	10094.2
736.162	10100.2
736.287	10111.7
736.411	10117.4
736.535	10129.6
736.66	10130.5
736.784	10143.1
736.908	10147.7
737.032	10162.2
737.157	10170.5
737.281	10178.9
737.405	10182.4
737.529	10194.2
737.654	10202.4
737.778	10207.4
737.902	10213
738.026	10222.6
738.151	10228.7
738.275	10240.5
738.399	10245.1
738.523	10252.3
738.648	10256.7
738.772	10269
738.896	10266.5
739.02	10291.1
739.145	10284.8
739.269	10303.9
739.393	10295.3
739.517	10314.7
739.641	10316
739.766	10325.2
739.89	10335.1
740.014	10347.4
740.138	10352.9
740.262	10361.4
740.387	10367.6
740.511	10366.9
740.635	10366.7
740.759	10382.5
740.883	10392.3
741.008	10400.3
741.132	10410.5
741.256	10413.1
741.38	10414.3
741.504	10426.7
741.628	10439.6
741.753	10438.7
741.877	10445.7
742.001	10447.2
742.125	10460.2
742.249	10464.3
742.373	10474.6
742.497	10480.8
742.622	10493.3
742.746	10489.5
742.87	10507.7
742.994	10502.1
743.118	10513.8
743.242	10520.3
743.366	10524.7
743.49	10527.9
743.615	10544
743.739	10545.1
743.863	10544.7
743.987	10551.7
744.111	10564.5
744.235	10570
744.359	10577.7
744.483	10573.6
744.607	10587.1
744.731	10580.5
744.855	10596.6
744.98	10607
745.104	10618.5
745.228	10615.2
745.352	10627.6
745.476	10625.8
745.6	10635.1
745.724	10639.3
745.848	10647.5
745.972	10650.8
746.096	10669.4
746.22	10673.5
746.344	10671.8
746.468	10676.7
746.592	10677
746.716	10684.5
746.84	10690.7
746.964	10695.1
747.088	10702.6
747.212	10711.8
747.336	10717.1
747.461	10725.1
747.584	10731.7
747.708	10728.3
747.833	10735.1
747.957	10746.4
748.081	10740.4
748.205	10753.3
748.329	10768.6
748.453	10758.9
748.577	10767.5
748.701	10771.3
748.825	10788.6
748.948	10800.6
749.072	10799.1
749.196	10811.1
749.32	10817.6
749.444	10817.5
749.568	10818.8
749.692	10823.6
749.816	10825.6
749.94	10840.9
750.064	10848.4
750.188	10854.7
750.312	10849.2
750.436	10859.2
750.56	10860.8
750.684	10863.4
750.808	10864.9
750.932	10884.6
751.056	10877.5
751.18	10885.9
751.304	10887
751.427	10897.9
751.551	10903.7
751.675	10899.9
751.799	10904.1
751.923	10903.7
752.047	10916.2
752.171	10921.8
752.295	10924.3
752.419	10921.4
752.543	10926.7
752.667	10935.7
752.79	10941.3
752.914	10944.5
753.038	10937.2
753.162	10949.7
753.286	10967.4
753.41	10968.2
753.534	10966.7
753.657	10969.9
753.781	10970.7
753.905	10987.9
754.029	10984.9
754.153	10986.8
754.277	10991.7
754.401	10991.1
754.524	10994.6
754.648	11002.2
754.772	11002.6
754.896	11004.6
755.02	11015.4
755.144	11024.2
755.267	11022.7
755.391	11023.3
755.515	11034.9
755.639	11040.3
755.763	11037.2
755.886	11040.3
756.01	11036
756.134	11038.3
756.258	11052.1
756.382	11053.6
756.505	11065.4
756.629	11056.7
756.753	11053.3
756.877	11069.5
757.001	11071.1
757.124	11074.9
757.248	11076.8
757.372	11083.8
757.496	11088.9
757.619	11096.3
757.743	11089.1
757.867	11096.5
757.991	11102.7
758.114	11103.4
758.238	11102.5
758.362	11104.3
758.486	11111.5
758.609	11114.1
758.733	11111.4
758.857	11105.2
758.981	11102.2
759.104	11100.7
759.228	11112.4
759.352	11111.8
759.475	11105
759.599	11104.6
759.723	11099
759.846	11111.8
759.97	11107.8
760.094	11122.9
760.218	11134.5
760.341	11132.1
760.465	11139.2
760.589	11139
760.712	11148.6
760.836	11156.2
760.96	11156.2
761.083	11156.5
761.207	11165.9
761.331	11175.5
761.454	11171.3
761.578	11172.4
761.702	11167.6
761.825	11170.8
761.949	11169.1
762.073	11170.5
762.196	11173.5
762.32	11183.6
762.443	11184.6
762.567	11186.6
762.691	11182.1
762.814	11183.4
762.938	11180.7
763.061	11189.8
763.185	11199.3
763.309	11199.5
763.432	11210.5
763.556	11211.6
763.68	11225.1
763.803	11221
763.927	11221.2
764.05	11221.5
764.174	11234.9
764.297	11235.7
764.421	11238.4
764.545	11246.2
764.668	11242.2
764.792	11246.4
764.915	11247.4
765.039	11263.1
765.162	11273
765.286	11269.2
765.409	11274.8
765.533	11277.4
765.657	11276.8
765.78	11281.8
765.904	11294.1
766.027	11291.2
766.151	11286.2
766.274	11297.6
766.398	11295.5
766.521	11300.9
766.645	11305.2
766.768	11301.3
766.892	11305.4
767.015	11314
767.139	11317.5
767.262	11310.4
767.386	11319.4
767.509	11321.6
767.633	11310.1
767.756	11320.1
767.88	11322.7
768.003	11319.2
768.127	11327.5
768.25	11326.9
768.374	11329.5
768.497	11341.2
768.62	11345.7
768.744	11340
768.867	11347.2
768.991	11340.8
769.114	11341.6
769.238	11345
769.361	11343
769.485	11351.9
769.608	11357.9
769.731	11352.5
769.855	11361.9
769.978	11360.6
770.102	11361.5
770.225	11370
770.349	11367.3
770.472	11371.4
770.595	11369
770.719	11375.5
770.842	11373.8
770.965	11369.1
771.089	11375.6
771.212	11370.3
771.336	11380.3
771.459	11379.5
771.582	11386.6
771.706	11388.3
771.829	11386.8
771.952	11386.3
772.076	11390.3
772.199	11393.6
772.323	11392.9
772.446	11392.5
772.569	11399.4
772.693	11405.4
772.816	11395.3
772.939	11401.3
773.063	11407.5
773.186	11424.4
773.309	11413.3
773.432	11405.7
773.556	11406.9
773.679	11410.6
773.802	11406.7
773.926	11417
774.049	11415.5
774.172	11420.8
774.296	11421
774.419	11436.4
774.542	11420.5
774.665	11423.2
774.789	11420.1
774.912	11422.4
775.035	11429.1
775.159	11421.8
775.282	11432.5
775.405	11436
775.528	11429.9
775.652	11433.9
775.775	11434
775.898	11432.6
776.021	11435.1
776.145	11435.6
776.268	11436.4
776.391	11436.4
776.514	11440.2
776.638	11436.6
776.761	11438.4
776.884	11438.5
777.007	11447.9
777.13	11445.7
777.254	11439.5
777.377	11447.4
777.5	11450
777.623	11450.7
777.746	11450.5
777.87	11443.2
777.993	11450.8
778.116	11447.5
778.239	11452.7
778.362	11444.2
778.485	11449.6
778.609	11451.2
778.732	11453.5
778.855	11456.5
778.978	11455.9
779.101	11451.8
779.224	11456.8
779.347	11460.3
779.471	11463.1
779.594	11462
779.717	11464.7
779.84	11460.4
779.963	11463.5
780.086	11464.6
780.209	11453.3
780.332	11461.4
780.456	11465.6
780.579	11461.7
780.702	11457.2
780.825	11460.6
780.948	11461.6
781.071	11459.7
781.194	11466.2
781.317	11466.2
781.44	11467.2
781.563	11464.8
781.686	11472.5
781.81	11463.1
781.933	11464.7
782.056	11460.9
782.179	11456.7
782.302	11462.6
782.425	11466.6
782.548	11460.3
782.671	11463
782.794	11460.4
782.917	11465.8
783.04	11455.4
783.163	11455.5
783.286	11458.2
783.409	11458.2
783.532	11462.4
783.655	11459.2
783.778	11458.5
783.901	11459
784.024	11456.6
784.147	11448.3
784.27	11456.8
784.393	11451.7
784.516	11454.9
784.639	11448.9
784.762	11456.3
784.885	11453.7
785.008	11447.6
785.131	11451.8
785.254	11451.5
785.377	11444.8
785.5	11449.1
785.623	11447.4
785.746	11449.8
785.869	11446
785.992	11439.1
786.114	11444.5
786.237	11456
786.36	11441.6
786.483	11440.8
786.606	11443.2
786.729	11436.9
786.852	11432.3
786.975	11441.6
787.098	11430.7
787.221	11439.1
787.344	11448.1
787.466	11433.3
787.589	11434.1
787.712	11435.4
787.835	11426
787.958	11428.4
788.081	11427.1
788.204	11428.3
788.327	11425.3
788.449	11421.2
788.572	11425.6
788.695	11422.9
788.818	11418.3
788.941	11433.8
789.064	11414.3
789.186	11411.3
789.309	11412.8
789.432	11405.6
789.555	11410.9
789.678	11411.9
789.801	11403.2
789.923	11407.2
790.046	11405.9
790.169	11408.5
790.292	11398.6
790.415	11394.8
790.537	11395.8
790.66	11388.8
790.783	11390.2
790.906	11383.8
791.029	11378.8
791.151	11384.1
791.274	11377.6
791.397	11374.3
791.52	11374.1
791.642	11366.4
791.765	11356.8
791.888	11360.2
792.011	11355.7
792.133	11362.5
792.256	11355.1
792.379	11353.3
792.501	11342.1
792.624	11337.8
792.747	11337.6
792.87	11325
792.992	11322.8
793.115	11317.4
793.238	11313.4
793.36	11311.3
793.483	11291.8
793.606	11287
793.729	11283.4
793.851	11265.7
793.974	11259.9
794.097	11249
794.219	11251.3
794.342	11244
794.465	11231.7
794.587	11234.2
794.71	11219.4
794.833	11216
794.955	11209.1
795.078	11211.9
795.201	11199.7
795.323	11198
795.446	11206.8
795.568	11207.8
795.691	11212.3
795.814	11213.2
795.936	11218.9
796.059	11225.2
796.181	11232.5
796.304	11237.5
796.427	11252.4
796.549	11257.1
796.672	11264.6
796.794	11264.4
796.917	11280.7
797.04	11292.4
797.162	11297.3
797.285	11313.9
797.407	11337.4
797.53	11329.4
797.652	11337.7
797.775	11350.6
797.897	11357.1
798.02	11365.1
798.143	11378.5
798.265	11391.5
798.388	11401.2
798.51	11417.9
798.633	11440.5
798.755	11429.1
798.878	11438.4
799	11459.1
799.123	11473.4
799.245	11479.9
799.368	11489.2
799.49	11505.7
799.613	11517.2
799.735	11526.2
799.858	11536.2
799.98	11550.1
800.103	11564.1
800.225	11576.9
800.348	11588.9
800.47	11601.1
800.593	11617.4
800.715	11630.4
800.837	11649.2
800.96	11660.4
801.082	11661.8
801.205	11681.3
801.327	11697.2
801.45	11706.4
801.572	11735.9
801.694	11744
801.817	11756.4
801.939	11760
802.062	11779.5
802.184	11799.7
802.306	11802.6
802.429	11819.1
802.551	11836.2
802.674	11846.5
802.796	11864.2
802.918	11881.9
803.041	11898.4
803.163	11913.1
803.286	11928.1
